(0, 1): 1.0	
(1, 1): 1.0	
(2, 1): 0.24999999999999994	
(2, 2): 0.7500000000000001	
(3, 1): 0.7500000000000001	
(3, 2): 0.2499999999999999	
(4, 1): 0.24999999999999994	
(4, 3): 0.7500000000000001	
(5, 1): 0.7500000000000001	
(5, 3): 0.2499999999999999	
(6, 0): 0.7500000000000001	
(6, 1): 0.24999999999999994	
(7, 0): 0.2499999999999999	
(7, 1): 0.7500000000000001	
(8, 1): 0.7500000000000001	
(8, 2): 0.24999999999999994	
(9, 1): 0.2499999999999999	
(9, 2): 0.7500000000000001	
(10, 2): 1.0	
(11, 2): 1.0	
(12, 2): 0.24999999999999994	
(12, 3): 0.7500000000000001	
(13, 2): 0.7500000000000001	
(13, 3): 0.2499999999999999	
(14, 0): 0.7500000000000001	
(14, 2): 0.24999999999999994	
(15, 0): 0.2499999999999999	
(15, 2): 0.7500000000000001	
(16, 1): 0.7500000000000001	
(16, 3): 0.24999999999999994	
(17, 1): 0.2499999999999999	
(17, 3): 0.7500000000000001	
(18, 2): 0.7500000000000001	
(18, 3): 0.24999999999999994	
(19, 2): 0.2499999999999999	
(19, 3): 0.7500000000000001	
(20, 3): 1.0	
(21, 3): 1.0	
(22, 0): 0.7500000000000001	
(22, 3): 0.24999999999999994	
(23, 0): 0.2499999999999999	
(23, 3): 0.7500000000000001	
(24, 0): 0.24999999999999994	
(24, 1): 0.7500000000000001	
(25, 0): 0.7500000000000001	
(25, 1): 0.2499999999999999	
(26, 0): 0.24999999999999994	
(26, 2): 0.7500000000000001	
(27, 0): 0.7500000000000001	
(27, 2): 0.2499999999999999	
(28, 0): 0.24999999999999994	
(28, 3): 0.7500000000000001	
(29, 0): 0.7500000000000001	
(29, 3): 0.2499999999999999	
(30, 0): 1.0	
(31, 0): 1.0	
